irk[0]=40
irk[1]=24
irk[2]=24
irk[3]=30
irk[4]=30
irk[5]=40
irk[6]=40
irk[7]=24

nfreq=10
 freq=0.024000
 freq=0.028863
 freq=0.028863
 freq=0.038497
 freq=0.041716
 freq=0.041716
 freq=0.046000
 freq=0.046000
 freq=0.048000
 freq=0.050000
d=6
shape=1
ns=2
hextype=1
d1=4.440000
d2=4.440000
d3=6.440000
rho=2.720000
freqmin=0.030000
freqmax=0.050000
27.100000
113.400000
ndata=6
starting eigenvalues calculation
f1=0.038563
f2=0.041133
f3=0.041133
f4=0.047577
f5=0.047577
f6=0.049191
chisq=0.000034

starting eigenvalues calculation
f1=0.038565
f2=0.041136
f3=0.041136
f4=0.047581
f5=0.047581
f6=0.049194
chisq=0.000034

iter #0
113.400243
27.103847
starting eigenvalues calculation
f1=0.038565
f2=0.041136
f3=0.041136
f4=0.047581
f5=0.047581
f6=0.049194
chisq=0.000034

starting eigenvalues calculation
f1=0.038568
f2=0.041139
f3=0.041139
f4=0.047584
f5=0.047584
f6=0.049198
chisq=0.000034

iter #1
113.400482
27.107659
starting eigenvalues calculation
f1=0.038568
f2=0.041139
f3=0.041139
f4=0.047584
f5=0.047584
f6=0.049198
chisq=0.000034

starting eigenvalues calculation
f1=0.038570
f2=0.041142
f3=0.041142
f4=0.047587
f5=0.047587
f6=0.049201
chisq=0.000034

iter #2
113.400715
27.111431
starting eigenvalues calculation
f1=0.038570
f2=0.041142
f3=0.041142
f4=0.047587
f5=0.047587
f6=0.049201
chisq=0.000034

starting eigenvalues calculation
f1=0.038573
f2=0.041145
f3=0.041145
f4=0.047590
f5=0.047590
f6=0.049205
chisq=0.000033

iter #3
113.400945
27.115169

This calculation can be executed again with the following command:
python rus.py inverse --order 6 --shape 1 --ns 2 --hextype 1 --d1 4.44 --d2 4.44 --d3 6.44 --rho 2.72 --freqmin 0.03 --freqmax 0.05 --iterations 4 --c44 27.1 --c11 113.4
