irk[0]=40
irk[1]=24
irk[2]=24
irk[3]=30
irk[4]=30
irk[5]=40
irk[6]=40
irk[7]=24

nfreq=10
 freq=0.024000
 freq=0.028863
 freq=0.028863
 freq=0.038497
 freq=0.041716
 freq=0.041716
 freq=0.046000
 freq=0.046000
 freq=0.048000
 freq=0.050000
d=6
shape=0
ns=2
hextype=1
d1=3.670000
d2=3.670000
d3=3.670000
rho=1.700000
freqmin=0.020000
freqmax=0.110000
26.000000
110.000000
ndata=10
starting eigenvalues calculation
f1=0.048562
f2=0.048562
f3=0.065452
f4=0.065452
f5=0.065452
f6=0.066501
f7=0.066501
f8=0.066501
f9=0.075356
f10=0.075356
chisq=0.167802

starting eigenvalues calculation
f1=0.047805
f2=0.047805
f3=0.064455
f4=0.064455
f5=0.064455
f6=0.065469
f7=0.065469
f8=0.065469
f9=0.074180
f10=0.074180
chisq=0.154967

iter #0
109.961980
25.194967

This calculation can be executed again with the following command:
python rus.py inverse --order 6 --shape 0 --ns 2 --hextype 1 --d1 3.67 --d2 3.67 --d3 3.67 --rho 1.7 --freqmin 0.02 --freqmax 0.11 --iterations 1 --c44 26.0 --c11 110.0
